100
714 728404
254 765212
534174 534183
121738 121745
325844 325846
2 3
526544 616538
636470 636472
76553 328477
531753 752245
618113 618118
118226 768280
275 302138
830 125076
1 1000000
164 124752
124064 531877
204 366635
470 778227
267 832830
525370 728544
600 203241
101437 363653
557 710531
574 484648
1 2
80 410128
177056 623204
215 775165
674762 674772
112354 112362
741 131864
830344 830345
20 472287
47 812751
107 867523
10 771333
74 224150
745 236710
242 285108
104 511616
30702 30707
88 102
140183 758163
685 102278
142835 142837
616 108340
28308 28318
77 435120
448 463628
800 312860
501 238362
203 534847
40 676606
7 148570
732 485654
863 584441
121781 373586
642 153115
418 657645
550 521371
221567 221572
382380 382382
821 780367
541032 865714
6587 723063
211 506032
128072 128078
725 858428
16 26
635 770054
620232 620242
60566 835672
403 827174
536573 536577
764 755401
44648 471302
717 411708
55826 55834
851 543341
352 883772
335073 614188
55538 238423
868 651631
77776 77777
60 566243
353071 353081
5451 88768
285 836756
427 532045
286537 286540
110237 110246
586 738484
35 857824
451 776027
442630 812765
458755 618005
184 654121
31083 350873
753 558542
