100
740 101820417414234251
254 240008647128773168
541 538056888514368861
267 748821063226525224
610 664186168533702522
621501714000805036 621501714000805043
182 477323765734144426
654508532672431066 654508532672431068
565 867346462534031225
16 26
12 525462711113028202
100434716885873687 203443238046870562
145 320180201323011465
145731053103676105 260762376542202437
687 600713046001853215
686 370208623425701165
151533864665577205 863658665287245253
801420228826506633 801420228826506637
82242484465778561 102186363518178562
802 714383641317058332
643 835887405507620862
1 2
48185867707121524 48185867707121532
85742354760616785 300864303131381160
88 102
381448810613665747 527721506873072167
20 635622678274188217
158114552343244005 283065200877373873
361 548801788102750021
677163132302861364 677163132302861368
372 568037840631412733
785752427545584250 785752427545584252
25036240682063432 424658722300503425
485 210844302857036201
232 435671546577547080
307678766432521007 307678766432521011
720540000511281420 720540000511281426
750610307307045001 750610307307045004
133533143220843642 566730581715173510
146 528228620433233263
263 246604661415864107
2 3
221510301837572067 882170455416746520
582642654007275575 740272181777803472
812 415334433627017150
883624047527384636 883624047527384645
258764211800114348 258764211800114351
77776 77777
705536013383831445 705536013383831450
638577372523103246 648823384286830514
816 478270388470315330
326532581080662364 326532581080662373
836 465112430820017484
165 448765256281286786
455 734168774504101073
375 488712183314085322
816 461844705167567773
21 100223447760277865
401 278868187355843284
454644605162534512 834088633476253132
433 388680157340772638
251 705477003738801582
623 708468363323067770
884 518812271322571707
85336717784607156 257208815244104510
266 842203081738264854
310 457188105833354730
187 177666171006624131
636838324583037522 636838324583037530
16744558506537280 542473313375420362
168051684005643205 175662553660308842
117767505236013462 171776274113000266
262 685264512786246402
554 737574835785004122
287 212253516284168803
281 582644436037666584
1 1000000000000000000
374 318272320318356122
357618521175806851 825703751430725677
208 817083838540238641
752 357070154726267660
251363541528267848 625301853830245266
564 513283755754046642
244 472523552253885710
211 303670761870401650
885 353143573313760438
162667438585612837 547403221461066425
457 768837010485001585
402 241322387234825604
885725761282781237 885725761282781242
316632160458461102 316632160458461111
207448664150100061 207448664150100068
547 243846045006440155
674305763007171148 674305763007171158
77 422532452431238278
832 715555852112870340
860044835803255840 860044835803255843
170 750457825175081402
650867575318303036 650867575318303042
840 226345567530366124
