100
99 44 21437457395353331
87 87 1
43 43 0
50 50 0
40 40 0
6 6 1
54 54 0
69 69 0
2 2 0
3 3 0
60 60 1
65 65 0
11 11 0
97 97 0
8 8 0
36 36 0
38 38 1
26 26 1
5 5 0
48 48 0
7 7 1
84 84 0
56 56 1
32 32 1
46 46 1
45 45 0
13 13 0
53 53 0
34 34 0
89 89 1
81 81 1
88 88 1
91 91 1
62 62 1
57 57 0
15 15 1
21 21 1
4 4 0
59 59 1
58 58 0
78 78 0
22 22 1
80 80 0
73 73 0
52 52 1
96 82 3180
75 75 0
4 4 1
20 20 0
39 39 0
58 58 1
7 7 1
85 85 1
96 96 0
77 77 0
52 52 0
80 80 0
70 70 1
76 76 1
67 67 1
68 68 0
71 71 1
74 74 0
16 16 0
84 84 1
12 12 0
8 8 0
33 33 1
30 30 1
73 73 1
44 44 0
46 46 1
24 24 0
56 56 0
79 79 1
86 86 1
50 50 1
41 41 0
63 63 1
93 93 0
89 89 1
34 34 0
82 82 1
14 14 1
5 5 0
27 27 1
13 13 0
59 59 0
40 40 1
94 94 0
45 45 0
53 53 1
83 83 1
65 65 1
61 61 0
42 42 1
26 26 0
54 54 0
11 11 0
92 92 1
29 29 1
22 22 0
9 9 0
55 55 0
64 64 0
17 17 0
28 28 0
10 10 1
37 37 1
18 18 0
3 3 1
60 60 1
81 81 0
38 38 0
35 35 1
47 47 0
19 19 0
2 2 0
57 57 1
51 51 0
90 90 0
66 66 0
87 87 1
32 32 1
72 72 1
88 88 1
49 49 1
43 43 0
91 17 112355202139313818
75 75 1
3 3 0
66 66 0
4 4 0
9 9 1
6 6 1
30 30 0
31 31 1
88 88 1
74 74 1
47 47 0
21 21 0
39 39 0
44 44 0
41 41 1
65 65 1
7 7 0
7 6 1
1 1 1
4 4 1
2 2 1
3 3 1
7 7 1
5 5 0
91 11 838833802743129793
37 37 0
54 54 0
48 48 1
64 64 1
40 40 1
17 17 0
22 22 1
42 42 1
83 83 1
85 85 1
34 34 1
10 2 142
4 4 0
9 9 0
95 83 449
22 22 0
14 14 1
46 46 0
2 2 1
92 92 1
52 52 1
3 3 0
82 82 1
73 73 0
34 34 1
12 12 0
65 65 1
79 79 1
72 72 1
8 8 0
23 23 0
91 91 1
75 75 1
94 94 1
70 70 0
67 67 1
17 17 0
36 36 0
68 68 1
31 31 0
10 10 1
27 27 1
28 28 0
81 81 0
6 6 0
40 40 1
56 56 1
62 62 1
13 13 1
37 37 0
25 25 0
33 33 0
59 59 0
86 86 1
41 41 0
11 11 1
87 87 1
21 21 1
39 39 1
89 89 1
50 50 0
19 19 1
51 51 0
20 20 1
74 74 1
38 38 0
76 76 0
95 95 1
88 88 1
55 55 1
9 9 0
18 18 1
77 77 0
58 58 0
49 49 1
26 26 0
61 61 0
16 16 0
85 85 0
78 78 1
66 66 1
48 48 1
35 35 1
30 30 0
93 93 0
80 80 0
42 42 0
64 64 1
45 45 1
44 44 1
29 29 0
69 69 0
1 1 1
54 54 1
24 24 1
32 32 1
63 63 0
43 43 0
98 34 11784976766992799
17 17 0
90 90 1
48 48 0
18 18 1
47 47 0
36 36 1
45 45 0
93 93 1
34 34 1
3 3 0
6 6 0
24 24 1
35 35 1
71 71 0
72 72 0
83 83 0
97 97 1
49 49 1
54 54 0
76 76 0
1 1 0
50 50 0
7 7 0
63 63 1
32 32 0
25 25 0
11 11 1
56 56 1
46 46 0
65 65 1
85 85 0
68 68 0
74 74 0
58 58 1
93 31 297130326557970473
19 19 1
44 44 0
43 43 0
64 64 0
9 9 0
32 32 1
36 36 0
6 6 1
74 74 0
40 40 1
80 80 0
62 62 0
72 72 1
24 24 1
70 70 0
63 63 1
27 27 0
91 91 0
85 85 1
3 3 0
25 25 1
38 38 0
93 93 1
67 67 0
45 45 1
11 11 1
82 82 1
58 58 0
61 61 1
5 5 0
22 22 1
94 29 327057346319409914
88 88 0
19 19 1
20 20 0
75 75 0
54 54 1
31 31 1
15 15 1
27 27 1
86 86 1
36 36 1
25 25 0
56 56 0
68 68 0
49 49 1
53 53 1
51 51 0
69 69 0
38 38 0
90 90 1
57 57 1
13 13 1
92 92 1
72 72 1
16 16 1
47 47 1
41 41 0
50 50 0
76 76 1
9 9 0
100 43 123974200208219837
30 30 0
80 80 0
85 85 0
39 39 1
71 71 1
55 55 1
74 74 0
91 91 1
5 5 0
62 62 1
86 86 1
97 97 1
40 40 1
52 52 1
48 48 0
15 15 0
28 28 0
7 7 0
23 23 1
70 70 1
58 58 1
87 87 1
2 2 1
33 33 1
51 51 1
89 89 0
68 68 1
14 14 0
37 37 0
46 46 0
66 66 0
50 50 0
41 41 0
79 79 0
93 93 1
29 29 1
21 21 1
92 92 1
12 12 0
67 67 0
35 35 0
10 10 0
76 76 0
95 46 434380595652907
55 55 1
34 34 0
64 64 0
8 8 1
9 9 1
75 75 0
10 10 1
1 1 0
12 12 1
37 37 0
56 56 1
94 94 1
53 53 0
81 81 0
85 85 1
83 83 0
76 76 0
84 84 1
61 61 1
44 44 1
50 50 1
88 88 0
28 28 0
16 16 0
80 80 1
87 87 1
54 54 1
65 65 0
14 14 1
29 29 1
25 25 1
42 42 1
49 49 1
51 51 1
43 43 1
13 13 1
68 68 1
6 6 0
27 27 1
23 23 1
77 77 0
57 57 0
35 35 0
3 3 0
4 4 1
69 69 1
93 41 3837817699494187
79 79 1
58 58 0
60 60 0
86 86 1
90 90 1
51 51 0
43 43 0
46 46 1
18 18 1
71 71 1
70 70 1
37 37 0
75 75 0
8 8 0
22 22 1
36 36 0
15 15 1
30 30 1
13 13 0
11 11 0
12 12 0
62 62 1
33 33 1
38 38 1
50 50 1
52 52 0
93 93 1
74 74 1
84 84 1
72 72 1
17 17 1
48 48 0
47 47 0
26 26 0
55 55 1
63 63 1
77 77 1
92 92 0
27 27 0
40 40 1
4 4 0
93 79 12844
40 40 1
58 58 1
32 32 1
13 13 1
51 51 1
61 61 1
93 93 1
1 1 1
89 89 1
35 35 0
4 4 0
87 87 1
33 33 1
70 70 1
36 36 0
77 77 0
72 72 1
18 18 0
59 59 0
23 23 1
12 12 0
22 22 1
20 20 1
5 5 0
90 90 0
57 57 1
14 14 1
92 92 1
80 80 0
81 81 0
45 45 1
84 84 0
78 78 1
19 19 1
46 46 0
83 83 0
8 8 1
41 41 0
48 48 1
27 27 1
29 29 0
86 86 1
24 24 1
66 66 0
7 7 0
68 68 0
71 71 0
49 49 0
53 53 0
79 79 0
50 50 1
76 76 1
60 60 0
75 75 1
28 28 1
88 88 1
31 31 0
42 42 0
38 38 0
67 67 0
52 52 1
9 9 0
65 65 1
26 26 1
64 64 1
43 43 0
82 82 0
17 17 0
44 44 1
10 10 0
85 85 0
91 91 0
37 37 0
54 54 1
62 62 1
15 15 1
25 25 1
16 16 0
63 63 1
91 72 373366
2 2 1
41 41 0
52 52 0
30 30 0
11 11 0
85 85 0
34 34 0
91 91 1
31 31 0
57 57 0
65 65 1
64 64 1
29 29 0
7 7 0
90 90 1
71 71 0
86 86 0
59 59 0
32 32 1
5 5 0
14 14 0
8 8 0
89 89 0
27 27 0
26 26 0
61 61 0
15 15 1
68 68 1
33 33 1
13 13 1
88 88 0
63 63 1
58 58 1
22 22 0
66 66 1
23 23 1
62 62 0
78 78 1
54 54 0
79 79 1
69 69 1
36 36 0
44 44 0
1 1 0
38 38 1
39 39 1
6 6 0
28 28 1
56 56 0
73 73 1
9 9 0
74 74 1
4 4 1
35 35 1
19 19 1
72 72 1
10 10 0
40 40 1
67 67 1
82 82 0
53 53 0
37 37 1
3 3 0
45 45 1
51 51 1
49 49 0
43 43 1
46 46 1
75 75 1
50 50 1
18 18 1
21 21 0
97 31 494640109730388123
79 79 1
89 89 0
13 13 0
90 90 0
7 7 0
92 92 0
3 3 0
58 58 0
59 59 1
57 57 1
2 2 0
30 30 1
52 52 0
23 23 1
63 63 0
41 41 0
76 76 0
75 75 1
73 73 1
68 68 1
4 4 0
55 55 1
70 70 1
61 61 1
25 25 0
31 31 1
18 18 0
51 51 0
12 12 1
83 83 0
9 9 0
98 20 246848868511675842
3 3 1
37 37 0
16 16 1
31 31 0
2 2 0
61 61 0
71 71 0
29 29 0
92 92 0
52 52 1
23 23 0
28 28 0
44 44 1
78 78 0
9 9 1
74 74 0
58 58 1
93 93 0
77 77 0
90 90 1
96 35 375249326541877656
37 37 1
95 95 1
43 43 0
13 13 1
69 69 1
33 33 0
88 88 1
22 22 1
4 4 0
70 70 1
82 82 0
60 60 0
87 87 1
57 57 1
48 48 0
54 54 1
55 55 0
24 24 1
15 15 0
49 49 1
93 93 0
21 21 1
51 51 1
39 39 1
79 79 1
14 14 1
56 56 1
85 85 1
26 26 1
89 89 0
7 7 0
47 47 0
62 62 1
52 52 0
86 86 0
7 1 45
2 2 0
91 32 181490083716473549
75 75 0
43 43 1
38 38 1
2 2 1
11 11 0
24 24 0
12 12 0
16 16 1
4 4 1
63 63 1
52 52 1
89 89 1
79 79 0
64 64 1
41 41 0
47 47 1
39 39 0
85 85 0
56 56 0
88 88 0
51 51 0
60 60 1
8 8 1
84 84 0
25 25 1
37 37 1
34 34 0
22 22 0
3 3 0
50 50 1
87 87 0
19 19 0
95 44 239252481192228
63 63 0
94 94 1
22 22 0
74 74 0
59 59 1
26 26 1
24 24 1
82 82 0
89 89 0
52 52 0
72 72 0
37 37 0
93 93 1
88 88 1
69 69 0
54 54 1
35 35 0
4 4 0
31 31 1
11 11 0
42 42 1
18 18 0
76 76 1
10 10 1
80 80 1
55 55 0
40 40 0
51 51 1
84 84 1
64 64 0
79 79 0
70 70 0
17 17 1
81 81 1
20 20 0
71 71 0
47 47 1
44 44 1
9 9 0
49 49 0
53 53 1
25 25 0
27 27 0
65 65 0
98 31 412684006401468892
74 74 1
10 10 1
46 46 0
26 26 0
1 1 1
89 89 0
73 73 1
18 18 1
54 54 0
47 47 0
49 49 1
29 29 1
93 93 0
34 34 0
32 32 0
98 98 1
62 62 1
12 12 0
8 8 0
84 84 1
35 35 0
70 70 0
53 53 1
44 44 1
55 55 0
72 72 0
45 45 1
48 48 1
97 97 1
20 20 1
36 36 1
92 39 379915153401325
86 86 0
54 54 1
10 10 0
85 85 0
5 5 1
2 2 0
41 41 0
16 16 0
3 3 0
23 23 0
90 90 1
67 67 0
25 25 0
71 71 1
15 15 1
20 20 1
38 38 1
76 76 1
75 75 0
13 13 0
48 48 1
59 59 0
49 49 0
42 42 1
50 50 0
7 7 1
88 88 0
82 82 0
57 57 0
70 70 0
26 26 1
34 34 0
78 78 1
51 51 0
14 14 1
9 9 0
80 80 1
8 8 0
28 28 1
96 14 139102624676444559
28 28 1
78 78 1
21 21 1
25 25 1
63 63 1
72 72 1
10 10 1
87 87 0
81 81 1
52 52 1
4 4 0
30 30 0
24 24 0
23 23 0
95 44 304346913992153
18 18 1
21 21 0
13 13 1
1 1 1
11 11 1
79 79 1
17 17 1
94 94 1
47 47 0
45 45 1
40 40 1
9 9 1
3 3 1
92 92 1
60 60 1
63 63 0
59 59 1
2 2 0
67 67 1
72 72 0
36 36 0
77 77 0
75 75 0
86 86 0
56 56 1
93 93 0
46 46 0
49 49 1
95 95 1
22 22 1
28 28 0
85 85 1
62 62 1
12 12 1
38 38 1
23 23 0
26 26 0
32 32 0
31 31 1
8 8 0
24 24 0
74 74 1
6 6 0
25 25 1
95 74 2032744
62 62 0
47 47 0
31 31 0
52 52 1
59 59 1
54 54 0
83 83 1
49 49 0
5 5 0
53 53 0
3 3 1
48 48 0
10 10 1
12 12 0
37 37 0
19 19 1
89 89 1
75 75 1
29 29 0
50 50 0
16 16 1
33 33 0
69 69 1
58 58 1
21 21 0
26 26 0
6 6 1
23 23 0
22 22 1
77 77 0
63 63 1
76 76 1
35 35 0
91 91 1
80 80 0
57 57 0
4 4 0
92 92 0
42 42 0
65 65 1
36 36 1
79 79 1
44 44 1
20 20 1
27 27 1
94 94 0
90 90 1
24 24 0
14 14 1
18 18 0
93 93 1
85 85 0
25 25 0
55 55 1
84 84 1
13 13 0
95 95 0
78 78 0
43 43 1
8 8 1
71 71 0
67 67 1
46 46 1
82 82 1
9 9 0
61 61 1
39 39 0
1 1 0
34 34 1
38 38 0
40 40 0
7 7 1
73 73 0
74 74 1
97 79 218524
45 45 0
97 97 1
50 50 1
74 74 0
51 51 0
1 1 0
11 11 1
71 71 1
88 88 1
23 23 0
65 65 1
63 63 0
31 31 0
28 28 1
57 57 1
29 29 1
54 54 1
18 18 1
89 89 0
19 19 1
10 10 0
87 87 1
26 26 0
46 46 0
60 60 1
75 75 1
6 6 0
49 49 1
58 58 1
27 27 1
42 42 0
90 90 0
34 34 0
62 62 1
20 20 0
33 33 0
56 56 0
72 72 1
70 70 1
68 68 1
43 43 0
22 22 0
8 8 0
12 12 1
83 83 0
81 81 1
40 40 0
21 21 0
96 96 1
95 95 0
78 78 1
79 79 0
5 5 0
41 41 1
76 76 1
4 4 0
2 2 1
48 48 1
3 3 0
9 9 0
24 24 0
84 84 1
16 16 1
36 36 1
82 82 1
59 59 1
39 39 1
69 69 0
13 13 0
7 7 0
30 30 0
64 64 1
38 38 1
37 37 0
32 32 1
53 53 1
94 94 1
44 44 0
67 67 1
98 40 102537984566540382
19 19 0
74 74 1
26 26 1
33 33 1
78 78 1
87 87 0
10 10 1
7 7 0
75 75 0
44 44 1
43 43 0
45 45 1
54 54 0
3 3 1
55 55 0
50 50 0
60 60 0
57 57 0
79 79 1
65 65 0
34 34 1
4 4 1
81 81 0
6 6 0
51 51 0
93 93 0
42 42 1
8 8 1
35 35 1
91 91 1
41 41 1
18 18 0
5 5 0
84 84 1
58 58 0
12 12 0
90 90 0
15 15 1
66 66 1
80 80 0
97 85 471
74 74 1
78 78 1
96 96 1
16 16 1
75 75 1
8 8 1
37 37 1
23 23 1
11 11 1
57 57 0
85 85 1
70 70 0
59 59 1
83 83 0
56 56 1
40 40 0
87 87 0
15 15 1
79 79 0
91 91 0
73 73 1
67 67 1
61 61 0
60 60 0
4 4 0
52 52 1
10 10 1
88 88 0
42 42 1
18 18 0
69 69 1
22 22 0
29 29 0
5 5 0
68 68 0
27 27 0
46 46 1
54 54 0
1 1 0
64 64 0
28 28 0
86 86 1
51 51 0
47 47 1
97 97 1
25 25 1
65 65 1
31 31 1
92 92 1
3 3 0
19 19 1
94 94 1
89 89 0
39 39 0
38 38 1
84 84 0
2 2 1
90 90 1
12 12 0
77 77 0
63 63 1
17 17 0
49 49 0
72 72 1
50 50 1
48 48 1
14 14 1
20 20 1
44 44 1
6 6 0
45 45 1
26 26 0
24 24 0
13 13 1
35 35 0
82 82 0
41 41 1
7 7 1
76 76 0
33 33 1
81 81 1
55 55 1
32 32 0
62 62 1
21 21 1
99 19 506065758820379222
29 29 1
21 21 0
82 82 0
51 51 0
41 41 0
36 36 0
66 66 0
92 92 1
13 13 0
9 9 0
22 22 1
85 85 1
25 25 1
93 93 1
24 24 0
76 76 1
37 37 1
48 48 0
17 17 0
97 23 453953687524017723
64 64 1
31 31 1
7 7 1
10 10 0
77 77 1
11 11 1
16 16 0
66 66 1
94 94 1
83 83 1
62 62 0
56 56 0
12 12 1
65 65 0
37 37 0
44 44 0
88 88 0
80 80 1
13 13 0
8 8 0
67 67 1
78 78 1
70 70 0
95 57 129963395584
13 13 0
33 33 0
44 44 1
38 38 1
45 45 0
12 12 1
63 63 0
71 71 1
48 48 0
23 23 0
65 65 1
2 2 1
29 29 1
10 10 1
4 4 1
26 26 1
66 66 0
8 8 0
54 54 0
24 24 0
58 58 1
83 83 0
19 19 1
69 69 1
31 31 1
87 87 1
52 52 0
56 56 0
62 62 0
15 15 1
76 76 0
64 64 0
57 57 0
27 27 0
49 49 1
40 40 1
21 21 0
89 89 0
43 43 1
36 36 1
9 9 0
46 46 0
30 30 1
70 70 0
59 59 1
84 84 0
28 28 0
90 90 1
92 92 1
88 88 1
47 47 0
79 79 0
42 42 1
37 37 1
72 72 1
6 6 1
7 7 0
92 43 27482731220828
33 33 1
11 11 0
18 18 0
58 58 0
84 84 1
91 91 0
27 27 1
22 22 1
15 15 0
81 81 0
63 63 1
8 8 0
12 12 0
2 2 1
24 24 1
16 16 1
49 49 0
53 53 0
7 7 1
37 37 1
59 59 0
14 14 1
51 51 0
5 5 0
17 17 1
67 67 0
82 82 1
54 54 1
38 38 0
43 43 1
90 90 1
23 23 0
77 77 1
28 28 1
47 47 0
71 71 0
64 64 1
4 4 0
41 41 0
26 26 0
80 80 1
57 57 1
30 30 1
94 36 228515418415889947
57 57 0
78 78 1
87 87 1
67 67 0
34 34 0
27 27 0
1 1 0
54 54 1
3 3 0
60 60 1
12 12 1
42 42 0
63 63 0
91 91 1
11 11 0
49 49 0
83 83 1
81 81 1
40 40 1
50 50 0
28 28 0
13 13 1
52 52 0
58 58 0
2 2 1
72 72 0
33 33 0
5 5 0
90 90 1
79 79 0
77 77 1
89 89 1
76 76 0
21 21 0
82 82 1
74 74 1
99 3 250147182401939057
11 11 1
32 32 0
62 62 0
5 4 2
3 3 1
5 5 1
2 2 0
4 4 0
95 61 16647856153
50 50 0
69 69 1
93 93 0
87 87 0
27 27 1
58 58 1
61 61 0
39 39 0
60 60 0
63 63 1
16 16 0
46 46 1
78 78 0
68 68 0
73 73 1
62 62 0
85 85 0
26 26 0
90 90 1
35 35 1
17 17 1
84 84 0
45 45 0
25 25 0
28 28 0
42 42 0
49 49 0
92 92 1
91 91 0
13 13 1
38 38 0
86 86 0
52 52 0
47 47 1
66 66 0
40 40 1
36 36 1
57 57 0
55 55 0
54 54 1
44 44 0
80 80 1
79 79 0
53 53 0
83 83 0
21 21 1
94 94 1
65 65 0
23 23 0
14 14 1
9 9 1
95 95 0
34 34 1
11 11 0
43 43 1
64 64 0
8 8 0
6 6 1
77 77 0
30 30 0
7 7 0
98 34 434791102609259486
81 81 0
88 88 1
14 14 1
78 78 0
96 96 0
6 6 0
27 27 0
91 91 1
72 72 1
3 3 0
32 32 1
15 15 1
87 87 1
71 71 1
34 34 0
24 24 0
67 67 0
29 29 0
65 65 0
50 50 1
13 13 0
30 30 1
77 77 0
9 9 0
11 11 0
63 63 0
16 16 0
7 7 1
23 23 0
68 68 0
40 40 1
69 69 0
20 20 0
26 26 1
99 64 18407435219
79 79 1
26 26 1
20 20 0
2 2 0
5 5 0
34 34 0
15 15 0
98 98 1
23 23 1
73 73 0
31 31 1
69 69 0
96 96 0
42 42 1
59 59 1
99 99 1
84 84 1
50 50 0
30 30 1
82 82 1
38 38 1
77 77 0
27 27 0
97 97 0
29 29 0
71 71 1
72 72 1
8 8 1
41 41 0
9 9 0
64 64 1
54 54 1
78 78 1
25 25 0
37 37 0
47 47 1
88 88 0
89 89 1
4 4 1
22 22 0
39 39 1
18 18 1
53 53 0
70 70 0
12 12 0
48 48 1
10 10 0
35 35 1
62 62 0
17 17 0
7 7 0
46 46 0
83 83 0
40 40 1
32 32 0
16 16 1
52 52 1
87 87 1
1 1 1
63 63 0
81 81 1
91 91 1
75 75 0
43 43 0
99 19 175338101812303352
52 52 0
60 60 0
55 55 0
58 58 1
69 69 0
85 85 1
2 2 1
32 32 0
84 84 0
12 12 1
53 53 0
79 79 0
64 64 1
88 88 1
39 39 1
56 56 0
49 49 0
80 80 0
7 7 1
96 84 2877
55 55 1
83 83 1
21 21 0
50 50 0
41 41 0
12 12 1
71 71 0
58 58 0
86 86 0
68 68 1
33 33 0
88 88 0
39 39 0
29 29 0
56 56 0
34 34 0
30 30 1
80 80 1
26 26 1
96 96 1
13 13 0
49 49 0
76 76 0
18 18 1
46 46 0
67 67 0
16 16 0
43 43 0
3 3 0
89 89 1
27 27 1
64 64 0
2 2 0
7 7 0
95 95 0
9 9 1
59 59 0
32 32 0
53 53 1
44 44 0
65 65 0
73 73 1
69 69 1
14 14 1
91 91 1
4 4 0
52 52 1
51 51 0
10 10 1
45 45 0
28 28 1
36 36 0
60 60 1
87 87 0
19 19 1
37 37 1
77 77 0
8 8 0
54 54 0
1 1 1
15 15 1
25 25 1
74 74 0
35 35 0
63 63 0
20 20 0
66 66 1
17 17 1
90 90 1
61 61 0
5 5 0
24 24 1
62 62 1
11 11 0
40 40 1
38 38 0
22 22 1
84 84 0
47 47 1
82 82 0
57 57 1
81 81 0
23 23 0
75 75 1
99 93 36
37 37 0
29 29 1
76 76 0
51 51 1
4 4 1
42 42 0
25 25 1
48 48 1
90 90 1
85 85 0
91 91 1
9 9 0
87 87 0
70 70 0
10 10 0
18 18 0
14 14 1
60 60 1
93 93 1
52 52 0
38 38 0
83 83 0
41 41 1
49 49 1
35 35 1
68 68 0
33 33 0
1 1 1
96 96 1
13 13 0
95 95 1
6 6 0
36 36 1
89 89 1
20 20 0
98 98 0
66 66 0
27 27 1
44 44 0
57 57 1
7 7 1
63 63 0
59 59 1
16 16 1
84 84 1
79 79 1
8 8 1
15 15 0
26 26 0
2 2 1
19 19 1
50 50 0
62 62 1
72 72 0
53 53 1
86 86 1
23 23 1
65 65 1
32 32 1
40 40 0
11 11 1
30 30 1
5 5 1
77 77 1
92 92 0
69 69 0
46 46 1
45 45 1
64 64 1
71 71 0
97 97 1
81 81 0
74 74 0
80 80 0
17 17 1
61 61 1
12 12 0
55 55 0
54 54 1
75 75 1
39 39 1
99 99 1
82 82 1
94 94 1
58 58 1
3 3 0
73 73 1
78 78 0
43 43 1
88 88 1
28 28 1
47 47 0
21 21 0
91 38 8224375405071372
11 11 1
24 24 0
83 83 0
2 2 0
20 20 1
66 66 1
6 6 0
38 38 0
50 50 1
62 62 1
80 80 0
27 27 0
32 32 1
86 86 1
13 13 0
87 87 0
4 4 0
41 41 1
74 74 0
59 59 0
60 60 0
90 90 1
40 40 0
52 52 1
47 47 1
43 43 1
51 51 0
21 21 1
49 49 0
1 1 0
28 28 1
81 81 0
65 65 1
91 91 1
79 79 0
44 44 0
55 55 0
67 67 1
98 61 128205922766
62 62 0
67 67 0
22 22 0
75 75 0
46 46 1
63 63 0
80 80 1
78 78 1
92 92 0
18 18 1
34 34 0
91 91 1
66 66 0
31 31 1
2 2 1
3 3 0
76 76 0
72 72 1
36 36 0
28 28 1
45 45 1
93 93 1
56 56 1
14 14 0
8 8 0
12 12 1
77 77 1
11 11 1
17 17 1
6 6 1
35 35 1
68 68 1
19 19 0
4 4 1
24 24 1
54 54 0
41 41 1
53 53 1
59 59 0
30 30 0
29 29 0
83 83 0
13 13 1
94 94 0
51 51 1
33 33 0
43 43 0
57 57 1
37 37 0
20 20 1
65 65 0
97 97 0
64 64 0
84 84 0
88 88 0
71 71 1
86 86 1
16 16 0
60 60 0
69 69 0
15 15 1
97 81 29595
50 50 1
64 64 1
9 9 1
23 23 1
22 22 1
6 6 1
31 31 1
91 91 1
7 7 1
87 87 0
39 39 1
75 75 0
2 2 0
17 17 0
63 63 0
1 1 0
85 85 0
28 28 0
62 62 1
13 13 1
24 24 1
15 15 0
92 92 1
4 4 1
26 26 0
78 78 1
40 40 0
96 96 1
25 25 0
35 35 1
76 76 1
59 59 0
58 58 1
29 29 1
5 5 0
56 56 1
86 86 0
3 3 1
51 51 0
94 94 1
57 57 0
16 16 1
10 10 0
38 38 0
21 21 0
68 68 0
32 32 0
43 43 1
19 19 0
36 36 0
8 8 1
67 67 0
90 90 1
49 49 0
11 11 0
45 45 0
55 55 0
12 12 1
44 44 0
79 79 1
48 48 1
88 88 1
97 97 0
74 74 1
27 27 1
82 82 0
77 77 1
34 34 0
83 83 0
46 46 1
14 14 1
47 47 1
95 95 0
71 71 0
84 84 1
37 37 1
30 30 1
89 89 1
42 42 1
52 52 0
65 65 0
91 78 7238
41 41 0
17 17 0
70 70 1
59 59 0
67 67 1
57 57 0
1 1 0
18 18 0
20 20 0
69 69 1
16 16 1
52 52 0
19 19 0
42 42 1
46 46 1
28 28 1
11 11 1
38 38 0
83 83 0
43 43 1
47 47 1
4 4 1
86 86 1
14 14 1
78 78 0
9 9 1
55 55 0
13 13 1
88 88 1
64 64 1
62 62 0
35 35 0
82 82 0
54 54 0
12 12 0
30 30 1
50 50 0
79 79 1
39 39 1
65 65 1
77 77 0
44 44 0
33 33 0
29 29 1
5 5 1
85 85 0
90 90 1
76 76 1
63 63 0
61 61 0
72 72 1
40 40 0
68 68 1
34 34 0
80 80 1
81 81 1
7 7 1
45 45 1
10 10 1
73 73 1
27 27 1
32 32 1
24 24 0
23 23 1
36 36 1
15 15 1
53 53 1
37 37 0
31 31 1
71 71 1
2 2 0
89 89 0
51 51 1
84 84 1
49 49 1
21 21 0
87 87 0
91 91 0
91 13 829718055828798583
26 26 0
55 55 1
56 56 1
20 20 1
17 17 0
22 22 0
33 33 1
12 12 1
15 15 0
71 71 1
47 47 0
21 21 0
3 3 1
9 4 28
9 9 1
2 2 1
4 4 0
6 6 1
96 93 8
3 3 1
56 56 0
2 2 0
6 6 1
40 40 1
23 23 1
15 15 1
66 66 0
21 21 1
19 19 0
85 85 0
71 71 1
4 4 0
67 67 0
18 18 1
42 42 0
22 22 0
20 20 0
24 24 0
49 49 1
86 86 1
72 72 0
7 7 0
41 41 1
26 26 0
27 27 0
70 70 0
33 33 0
53 53 0
35 35 1
93 93 1
25 25 0
79 79 1
90 90 1
28 28 0
43 43 0
5 5 1
95 95 0
92 92 1
29 29 1
34 34 0
68 68 0
54 54 0
87 87 0
65 65 1
1 1 1
94 94 0
88 88 0
13 13 0
77 77 1
84 84 1
91 91 1
30 30 0
31 31 1
64 64 1
51 51 1
39 39 1
36 36 1
50 50 0
83 83 1
78 78 1
58 58 1
75 75 1
32 32 1
52 52 1
46 46 1
96 96 0
44 44 1
80 80 1
48 48 0
74 74 0
14 14 0
12 12 1
45 45 1
47 47 0
89 89 1
17 17 1
16 16 0
63 63 0
81 81 1
82 82 0
10 10 1
61 61 0
38 38 0
62 62 0
11 11 0
55 55 1
59 59 0
9 9 1
57 57 0
76 76 1
60 60 1
69 69 0
97 58 36139387599
5 5 0
97 97 0
71 71 0
64 64 0
40 40 0
36 36 0
26 26 1
92 92 0
87 87 0
89 89 0
80 80 1
55 55 0
16 16 1
47 47 0
45 45 1
59 59 0
4 4 0
31 31 1
70 70 1
2 2 0
18 18 1
41 41 0
88 88 1
29 29 0
11 11 0
7 7 0
50 50 0
62 62 0
85 85 1
32 32 1
37 37 0
94 94 0
19 19 0
79 79 0
56 56 0
52 52 1
43 43 1
12 12 1
20 20 1
28 28 0
86 86 0
17 17 0
60 60 0
66 66 1
90 90 0
3 3 0
6 6 0
14 14 0
46 46 1
9 9 1
51 51 0
91 91 1
68 68 1
95 95 0
61 61 0
25 25 1
48 48 1
49 49 1
92 50 787004416592
17 17 1
15 15 0
23 23 0
21 21 1
10 10 1
61 61 0
87 87 1
75 75 0
85 85 0
8 8 0
88 88 1
53 53 0
24 24 1
29 29 1
12 12 1
6 6 0
73 73 0
18 18 1
91 91 0
46 46 1
2 2 1
1 1 1
33 33 0
9 9 1
62 62 1
82 82 1
71 71 1
63 63 0
19 19 0
60 60 0
16 16 1
5 5 1
83 83 1
39 39 1
26 26 1
49 49 0
89 89 1
3 3 1
13 13 1
72 72 0
41 41 1
43 43 1
78 78 0
25 25 0
54 54 0
58 58 1
50 50 0
32 32 1
45 45 1
22 22 0
93 69 6901380
59 59 1
68 68 0
72 72 0
35 35 0
58 58 1
49 49 1
26 26 0
71 71 0
60 60 1
27 27 0
75 75 0
36 36 1
66 66 0
90 90 0
2 2 0
12 12 0
65 65 1
67 67 1
41 41 1
82 82 0
73 73 0
21 21 1
77 77 0
44 44 1
86 86 1
87 87 0
80 80 0
14 14 1
54 54 0
33 33 1
9 9 0
62 62 1
55 55 0
64 64 1
88 88 1
69 69 1
32 32 0
28 28 1
17 17 0
51 51 1
74 74 1
4 4 0
15 15 0
23 23 1
6 6 1
43 43 0
11 11 0
31 31 0
8 8 1
38 38 0
24 24 1
92 92 0
53 53 0
83 83 1
13 13 0
48 48 0
50 50 1
7 7 0
78 78 0
52 52 0
46 46 1
40 40 1
20 20 1
25 25 1
37 37 0
5 5 1
47 47 1
3 3 1
16 16 1
100 60 1034658843608
35 35 1
1 1 1
33 33 1
91 91 0
82 82 1
64 64 1
75 75 0
48 48 1
60 60 1
99 99 1
36 36 0
43 43 1
15 15 1
17 17 0
88 88 0
97 97 1
100 100 1
4 4 0
70 70 1
89 89 1
55 55 1
5 5 1
34 34 1
94 94 1
7 7 0
92 92 0
12 12 1
59 59 1
37 37 0
95 95 1
20 20 1
52 52 0
96 96 1
28 28 0
68 68 1
38 38 0
85 85 1
87 87 1
10 10 1
80 80 1
98 98 1
79 79 0
3 3 0
42 42 1
32 32 1
41 41 1
77 77 0
84 84 1
66 66 1
72 72 1
21 21 1
6 6 1
25 25 1
83 83 1
69 69 1
22 22 1
40 40 0
86 86 0
39 39 0
30 30 1
95 12 761673428428528215
88 88 1
70 70 0
45 45 1
59 59 1
76 76 1
13 13 0
47 47 1
89 89 1
91 91 1
92 92 0
95 95 0
6 6 1
96 88 183
4 4 1
12 12 1
20 20 1
73 73 1
34 34 0
70 70 1
38 38 1
21 21 0
69 69 1
67 67 0
63 63 1
2 2 0
48 48 1
93 93 1
5 5 0
31 31 1
64 64 0
41 41 1
68 68 0
72 72 1
11 11 0
8 8 0
50 50 0
61 61 0
30 30 0
27 27 0
76 76 1
32 32 1
25 25 0
56 56 1
39 39 1
52 52 0
79 79 0
23 23 1
33 33 1
49 49 0
35 35 0
62 62 1
7 7 1
65 65 0
53 53 0
19 19 1
54 54 0
13 13 1
22 22 0
77 77 0
29 29 0
26 26 0
88 88 0
81 81 0
16 16 1
9 9 0
28 28 1
18 18 1
42 42 1
43 43 1
55 55 0
86 86 1
40 40 0
24 24 1
74 74 0
60 60 1
44 44 1
83 83 0
57 57 0
71 71 1
46 46 1
66 66 1
15 15 1
96 96 0
84 84 0
51 51 1
94 94 1
75 75 1
80 80 0
92 92 1
59 59 1
37 37 1
17 17 1
78 78 0
89 89 0
58 58 0
91 91 1
85 85 0
36 36 1
45 45 1
14 14 0
10 10 1
100 61 267842371945
38 38 1
90 90 1
84 84 0
37 37 1
48 48 0
79 79 0
24 24 0
9 9 1
89 89 1
65 65 0
43 43 1
25 25 1
71 71 0
11 11 0
27 27 1
70 70 1
14 14 0
88 88 1
42 42 1
94 94 1
95 95 0
34 34 1
92 92 1
36 36 0
20 20 1
73 73 1
87 87 1
28 28 0
60 60 0
1 1 1
6 6 0
99 99 0
2 2 0
26 26 1
30 30 0
82 82 1
5 5 1
35 35 0
67 67 1
7 7 1
54 54 0
16 16 0
45 45 0
78 78 1
96 96 0
22 22 0
69 69 1
49 49 0
98 98 0
4 4 1
72 72 1
31 31 1
91 91 1
53 53 0
86 86 1
39 39 1
76 76 1
23 23 1
21 21 1
93 93 1
85 85 0
97 21 799645419395221816
12 12 1
11 11 1
89 89 1
72 72 0
8 8 0
57 57 1
90 90 1
93 93 1
38 38 0
13 13 1
54 54 0
41 41 1
58 58 1
5 5 1
45 45 0
29 29 0
84 84 1
18 18 0
59 59 1
21 21 0
80 80 0
92 67 20168966
26 26 1
37 37 0
67 67 0
53 53 1
89 89 0
48 48 1
39 39 0
71 71 1
40 40 0
91 91 0
27 27 1
88 88 1
31 31 1
77 77 1
2 2 1
63 63 1
8 8 0
65 65 0
82 82 0
90 90 1
56 56 1
86 86 0
92 92 1
22 22 1
34 34 0
81 81 0
5 5 0
75 75 1
16 16 0
51 51 0
87 87 1
50 50 1
60 60 0
55 55 1
85 85 1
59 59 1
4 4 1
15 15 0
74 74 1
41 41 1
79 79 0
6 6 1
57 57 0
49 49 0
84 84 1
35 35 1
54 54 0
62 62 0
29 29 1
64 64 0
83 83 1
68 68 1
66 66 0
18 18 1
23 23 0
61 61 0
45 45 1
19 19 0
1 1 0
10 10 1
17 17 0
14 14 0
73 73 1
36 36 1
7 7 1
70 70 0
11 11 0
100 16 190701992087856798
3 3 0
51 51 0
67 67 0
81 81 0
26 26 1
80 80 0
9 9 1
18 18 1
72 72 0
50 50 1
1 1 0
22 22 1
40 40 1
83 83 0
35 35 0
91 91 1
92 83 110
18 18 1
80 80 1
77 77 1
25 25 0
66 66 1
89 89 0
2 2 1
37 37 1
3 3 1
12 12 0
8 8 0
78 78 0
55 55 0
69 69 0
32 32 0
35 35 1
82 82 0
91 91 1
49 49 0
79 79 1
60 60 0
73 73 1
43 43 1
83 83 1
75 75 0
50 50 1
20 20 1
46 46 1
64 64 0
10 10 0
22 22 1
16 16 0
67 67 0
13 13 0
86 86 1
19 19 0
28 28 0
4 4 0
36 36 0
57 57 0
9 9 1
42 42 0
74 74 1
62 62 0
81 81 1
6 6 0
29 29 0
47 47 0
65 65 0
34 34 1
1 1 1
72 72 1
40 40 0
52 52 0
48 48 0
7 7 0
87 87 1
92 92 0
54 54 0
56 56 1
26 26 0
85 85 0
68 68 1
53 53 0
88 88 1
58 58 0
27 27 0
21 21 0
51 51 0
24 24 0
39 39 0
38 38 0
63 63 1
70 70 0
41 41 0
5 5 0
33 33 0
71 71 1
17 17 1
90 90 1
15 15 0
59 59 0
61 61 1
96 40 31419396924131678
27 27 1
37 37 1
93 93 0
83 83 0
26 26 1
65 65 1
29 29 1
60 60 1
68 68 0
35 35 0
5 5 1
49 49 1
63 63 0
34 34 1
91 91 1
72 72 1
9 9 1
11 11 1
28 28 0
73 73 1
66 66 1
41 41 1
16 16 0
21 21 1
56 56 0
3 3 0
50 50 0
39 39 0
79 79 1
17 17 1
33 33 0
55 55 0
67 67 1
22 22 1
57 57 0
6 6 0
19 19 1
51 51 1
52 52 0
24 24 0
98 90 19
35 35 0
49 49 1
37 37 0
63 63 0
46 46 0
16 16 1
85 85 0
5 5 1
93 93 0
52 52 1
54 54 0
18 18 1
12 12 1
43 43 1
19 19 0
77 77 0
67 67 0
2 2 1
40 40 0
62 62 1
33 33 1
30 30 0
61 61 1
66 66 1
56 56 0
9 9 1
39 39 0
28 28 0
81 81 1
89 89 1
55 55 0
29 29 0
68 68 1
10 10 1
36 36 0
32 32 1
90 90 1
92 92 0
96 96 1
80 80 0
44 44 1
76 76 0
22 22 0
72 72 0
60 60 0
26 26 0
98 98 0
8 8 0
84 84 0
87 87 0
94 94 1
14 14 1
51 51 1
25 25 1
69 69 1
95 95 0
73 73 1
21 21 1
34 34 1
91 91 0
70 70 1
58 58 0
53 53 1
50 50 1
41 41 0
82 82 0
74 74 1
13 13 1
88 88 1
47 47 1
1 1 1
78 78 0
64 64 1
3 3 1
7 7 0
31 31 1
24 24 0
42 42 1
20 20 0
79 79 0
71 71 1
75 75 1
6 6 1
65 65 0
57 57 1
4 4 1
23 23 1
83 83 1
11 11 1
27 27 0
96 66 778600571
28 28 0
24 24 1
48 48 1
44 44 0
42 42 1
41 41 1
78 78 1
96 96 1
12 12 0
69 69 1
23 23 1
47 47 0
61 61 0
92 92 0
43 43 0
30 30 0
65 65 1
4 4 0
50 50 1
33 33 0
81 81 0
53 53 0
70 70 0
6 6 0
15 15 0
32 32 0
5 5 1
57 57 0
71 71 0
94 94 1
18 18 1
88 88 1
31 31 0
40 40 1
7 7 0
9 9 1
22 22 0
91 91 0
72 72 0
20 20 0
29 29 0
76 76 0
85 85 0
10 10 0
63 63 0
62 62 0
67 67 1
2 2 0
86 86 0
95 95 1
36 36 0
58 58 1
79 79 1
39 39 1
45 45 0
59 59 1
11 11 1
46 46 0
37 37 1
14 14 1
77 77 1
8 8 0
73 73 0
16 16 1
3 3 0
19 19 0
98 7 626127916842417983
91 91 0
67 67 0
3 3 1
69 69 1
28 28 0
26 26 0
88 88 0
99 12 625586433077451088
60 60 1
73 73 0
19 19 0
69 69 1
24 24 1
80 80 0
34 34 1
77 77 0
99 99 1
50 50 1
36 36 0
96 96 1
92 25 949132462104080097
5 5 1
36 36 1
66 66 0
11 11 0
1 1 1
4 4 1
74 74 0
28 28 1
85 85 1
15 15 0
29 29 0
77 77 0
9 9 0
57 57 0
27 27 1
73 73 0
31 31 1
44 44 1
76 76 1
81 81 0
25 25 1
30 30 0
62 62 1
92 92 0
69 69 1
91 40 702398164578601
26 26 1
14 14 0
56 56 0
44 44 1
82 82 0
87 87 1
58 58 1
46 46 0
11 11 0
83 83 0
17 17 1
34 34 0
15 15 0
33 33 1
60 60 1
47 47 1
43 43 1
12 12 0
71 71 0
79 79 0
66 66 1
86 86 0
13 13 1
74 74 1
36 36 0
90 90 0
55 55 0
27 27 1
42 42 0
16 16 0
41 41 0
30 30 1
8 8 1
29 29 0
62 62 0
77 77 1
2 2 0
10 10 1
53 53 0
59 59 1
91 75 64876
25 25 1
56 56 0
52 52 1
69 69 0
43 43 0
5 5 1
66 66 1
10 10 0
90 90 1
39 39 0
21 21 1
81 81 0
37 37 0
71 71 0
83 83 1
40 40 1
12 12 0
79 79 1
74 74 0
62 62 0
33 33 1
65 65 0
24 24 0
31 31 0
19 19 0
7 7 0
41 41 1
32 32 0
63 63 0
3 3 1
64 64 0
77 77 0
30 30 0
51 51 1
15 15 1
1 1 1
42 42 0
86 86 0
27 27 1
14 14 0
49 49 0
18 18 0
55 55 0
61 61 1
57 57 0
16 16 1
46 46 0
28 28 0
23 23 1
70 70 1
26 26 1
38 38 1
82 82 0
73 73 1
88 88 1
13 13 0
60 60 0
80 80 0
78 78 1
50 50 0
29 29 1
59 59 0
11 11 1
75 75 1
72 72 0
47 47 1
36 36 1
84 84 1
87 87 1
8 8 1
54 54 0
76 76 0
35 35 0
68 68 0
67 67 1
97 90 88
30 30 0
35 35 0
32 32 0
40 40 0
54 54 0
8 8 1
78 78 1
17 17 1
75 75 0
72 72 1
91 91 0
67 67 1
96 96 1
64 64 0
47 47 1
7 7 1
95 95 1
20 20 0
61 61 1
38 38 1
1 1 0
19 19 0
28 28 1
88 88 1
74 74 0
97 97 1
73 73 0
56 56 0
3 3 0
69 69 1
66 66 1
60 60 0
51 51 0
71 71 1
85 85 0
23 23 1
2 2 1
42 42 0
13 13 0
49 49 1
57 57 0
90 90 1
43 43 0
44 44 0
25 25 1
33 33 0
9 9 0
79 79 1
5 5 0
92 92 1
39 39 0
82 82 1
14 14 1
6 6 1
50 50 0
45 45 0
36 36 0
21 21 1
77 77 1
87 87 0
83 83 1
65 65 0
80 80 1
22 22 1
27 27 0
68 68 0
15 15 1
11 11 0
53 53 1
24 24 0
46 46 1
76 76 1
81 81 1
62 62 1
26 26 0
4 4 0
55 55 1
86 86 0
31 31 1
18 18 1
93 93 1
52 52 1
70 70 1
48 48 0
89 89 1
63 63 1
37 37 0
12 12 1
94 94 1
10 10 0
91 53 25027663122
9 9 1
30 30 1
26 26 1
27 27 0
14 14 0
11 11 1
46 46 1
62 62 0
87 87 0
5 5 0
7 7 1
80 80 0
63 63 0
34 34 1
37 37 1
13 13 0
47 47 0
54 54 1
51 51 0
66 66 0
88 88 0
25 25 1
39 39 1
8 8 1
55 55 1
91 91 0
43 43 1
78 78 1
60 60 1
41 41 0
19 19 1
58 58 0
84 84 0
70 70 0
85 85 1
49 49 1
35 35 0
57 57 1
75 75 0
56 56 0
72 72 0
79 79 0
24 24 1
76 76 1
29 29 1
3 3 1
73 73 0
61 61 0
45 45 1
23 23 1
40 40 1
64 64 1
82 82 0
100 1 1000000000000000000
1 1 1
97 31 532153005536534724
22 22 1
1 1 0
95 95 0
26 26 1
30 30 1
41 41 1
81 81 1
58 58 1
67 67 0
27 27 0
16 16 0
33 33 1
94 94 1
9 9 1
43 43 0
71 71 1
17 17 1
46 46 1
11 11 1
29 29 0
68 68 0
66 66 0
4 4 1
37 37 1
44 44 0
64 64 0
39 39 1
42 42 1
91 91 0
50 50 0
77 77 0
96 69 96407558
7 7 1
29 29 1
56 56 1
59 59 0
12 12 1
81 81 1
69 69 1
70 70 1
48 48 1
84 84 0
52 52 1
31 31 1
90 90 0
27 27 0
4 4 1
57 57 0
76 76 0
38 38 1
19 19 1
51 51 0
30 30 0
13 13 1
44 44 0
58 58 1
75 75 0
45 45 1
91 91 0
28 28 0
46 46 0
95 95 1
6 6 0
24 24 1
67 67 1
3 3 0
49 49 1
22 22 0
26 26 0
87 87 1
53 53 0
16 16 1
55 55 1
1 1 1
78 78 1
79 79 1
71 71 0
54 54 1
37 37 1
21 21 1
89 89 0
23 23 1
43 43 0
73 73 0
18 18 0
94 94 0
15 15 1
68 68 1
36 36 1
41 41 0
63 63 1
92 92 1
61 61 0
17 17 1
42 42 1
39 39 1
8 8 1
83 83 1
25 25 1
72 72 0
65 65 0
96 49 41102295127831
31 31 1
15 15 0
19 19 1
94 94 0
48 48 0
53 53 1
51 51 0
8 8 0
2 2 0
87 87 0
43 43 1
92 92 1
42 42 1
17 17 1
61 61 0
26 26 1
50 50 1
34 34 0
63 63 1
69 69 1
7 7 0
88 88 1
30 30 0
33 33 0
75 75 0
52 52 0
49 49 1
47 47 0
13 13 0
54 54 0
21 21 1
46 46 0
84 84 0
78 78 0
6 6 0
14 14 0
27 27 1
12 12 1
1 1 1
91 91 1
5 5 0
68 68 1
25 25 1
73 73 1
56 56 1
65 65 0
96 96 1
90 90 1
64 64 1
99 72 118706489
58 58 1
76 76 1
51 51 1
23 23 1
95 95 0
60 60 1
22 22 0
78 78 1
87 87 1
81 81 0
16 16 0
74 74 1
37 37 0
35 35 0
45 45 1
72 72 1
90 90 0
28 28 1
99 99 1
13 13 0
33 33 0
12 12 1
57 57 0
68 68 0
34 34 0
62 62 1
66 66 1
41 41 1
44 44 1
8 8 1
11 11 1
93 93 0
42 42 0
96 96 0
9 9 0
63 63 1
56 56 0
1 1 1
15 15 0
24 24 1
26 26 1
71 71 1
80 80 0
17 17 0
32 32 1
64 64 0
4 4 1
27 27 1
97 97 1
85 85 1
10 10 0
5 5 1
83 83 0
70 70 0
65 65 1
48 48 0
20 20 1
69 69 1
88 88 0
77 77 0
86 86 0
36 36 1
98 98 1
59 59 0
55 55 1
25 25 1
53 53 0
94 94 0
31 31 0
54 54 1
43 43 0
14 14 1
100 66 15531098448
67 67 1
33 33 0
69 69 0
54 54 1
37 37 0
96 96 1
86 86 0
85 85 1
73 73 1
4 4 0
28 28 1
32 32 0
16 16 1
5 5 1
70 70 1
82 82 1
83 83 1
18 18 1
97 97 0
23 23 1
27 27 1
57 57 0
76 76 0
21 21 1
64 64 0
59 59 1
29 29 0
89 89 0
19 19 0
79 79 0
58 58 1
84 84 0
13 13 0
72 72 1
88 88 0
3 3 0
61 61 1
50 50 1
42 42 1
65 65 1
81 81 1
9 9 0
17 17 1
22 22 1
1 1 0
36 36 0
80 80 1
41 41 1
31 31 0
74 74 1
68 68 0
92 92 0
43 43 0
44 44 1
77 77 0
48 48 0
100 100 1
87 87 1
66 66 0
55 55 1
60 60 0
99 99 1
26 26 0
62 62 0
20 20 0
11 11 1
100 100 1
1 1 0
2 2 0
3 3 1
4 4 1
5 5 1
6 6 0
7 7 0
8 8 0
9 9 0
10 10 1
11 11 1
12 12 1
13 13 0
14 14 1
15 15 0
16 16 0
17 17 1
18 18 0
19 19 1
20 20 1
21 21 1
22 22 0
23 23 0
24 24 0
25 25 0
26 26 0
27 27 0
28 28 0
29 29 1
30 30 0
31 31 1
32 32 1
33 33 0
34 34 0
35 35 0
36 36 1
37 37 0
38 38 1
39 39 0
40 40 0
41 41 1
42 42 1
43 43 1
44 44 1
45 45 0
46 46 1
47 47 0
48 48 0
49 49 0
50 50 0
51 51 1
52 52 0
53 53 1
54 54 0
55 55 1
56 56 1
57 57 0
58 58 0
59 59 0
60 60 1
61 61 1
62 62 1
63 63 1
64 64 0
65 65 0
66 66 1
67 67 0
68 68 1
69 69 1
70 70 0
71 71 1
72 72 0
73 73 1
74 74 1
75 75 0
76 76 0
77 77 1
78 78 0
79 79 0
80 80 0
81 81 1
82 82 0
83 83 1
84 84 0
85 85 0
86 86 1
87 87 1
88 88 0
89 89 0
90 90 0
91 91 0
92 92 0
93 93 1
94 94 0
95 95 1
96 96 1
97 97 0
98 98 0
99 99 0
100 100 1
100 9 625915215950619235
14 14 1
99 99 1
76 76 0
90 90 0
38 38 1
57 57 0
63 63 0
98 98 0
25 25 0
98 2 386002937658662370
96 96 1
87 87 1
93 27 326899248046633612
71 71 0
59 59 0
64 64 1
67 67 1
33 33 1
92 92 1
29 29 1
2 2 1
8 8 1
91 91 0
22 22 1
32 32 1
38 38 1
52 52 0
23 23 0
75 75 0
36 36 0
83 83 0
17 17 0
15 15 0
35 35 0
56 56 0
3 3 1
51 51 0
78 78 0
14 14 0
61 61 0
9 2 72
2 2 1
6 6 1
91 51 432706084323
56 56 0
41 41 1
13 13 0
18 18 0
11 11 0
5 5 0
72 72 1
61 61 1
28 28 1
1 1 1
63 63 0
83 83 1
67 67 1
26 26 0
16 16 0
43 43 1
33 33 1
32 32 1
68 68 0
23 23 0
37 37 0
15 15 1
39 39 1
69 69 0
90 90 1
27 27 1
52 52 0
24 24 1
74 74 1
34 34 1
8 8 1
71 71 1
86 86 1
85 85 0
88 88 1
36 36 0
14 14 0
65 65 1
51 51 0
31 31 0
89 89 0
42 42 0
2 2 0
3 3 0
53 53 1
45 45 1
87 87 1
19 19 0
77 77 0
30 30 0
55 55 1
93 23 427272095405179646
59 59 0
84 84 1
25 25 1
74 74 0
28 28 1
76 76 1
46 46 0
60 60 0
93 93 1
23 23 0
53 53 1
38 38 0
39 39 0
40 40 1
62 62 1
63 63 1
86 86 0
79 79 0
27 27 0
56 56 0
17 17 0
20 20 0
10 10 1
10 7 7
2 2 0
8 8 1
9 9 0
5 5 0
4 4 1
3 3 0
1 1 1
93 83 55
20 20 1
9 9 1
12 12 1
5 5 1
88 88 0
41 41 1
11 11 0
27 27 1
33 33 0
70 70 0
38 38 1
59 59 0
57 57 0
43 43 0
2 2 0
92 92 0
89 89 1
29 29 1
54 54 1
17 17 1
15 15 0
62 62 1
58 58 0
64 64 1
7 7 0
47 47 1
24 24 1
18 18 1
19 19 1
28 28 0
65 65 0
40 40 0
75 75 1
21 21 0
22 22 0
78 78 1
55 55 0
39 39 1
30 30 1
90 90 1
4 4 0
81 81 1
34 34 0
63 63 1
35 35 1
31 31 0
72 72 0
44 44 1
1 1 0
32 32 0
3 3 0
93 93 1
14 14 1
91 91 1
87 87 1
66 66 1
10 10 0
83 83 1
26 26 1
76 76 1
80 80 0
50 50 0
16 16 1
25 25 1
46 46 1
61 61 1
52 52 1
85 85 1
48 48 1
36 36 1
67 67 1
53 53 0
8 8 1
49 49 0
84 84 1
74 74 0
82 82 0
71 71 0
79 79 1
69 69 0
45 45 1
68 68 0
42 42 1
99 31 256468503943125859
60 60 0
42 42 1
69 69 0
56 56 0
39 39 0
34 34 0
5 5 0
99 99 1
49 49 0
97 97 1
2 2 1
95 95 1
79 79 1
6 6 1
98 98 0
54 54 1
20 20 0
96 96 1
9 9 1
61 61 1
74 74 1
11 11 1
89 89 1
30 30 1
53 53 1
41 41 1
14 14 1
45 45 0
44 44 0
93 93 1
71 71 0
99 11 798459812647797314
19 19 0
21 21 0
56 56 0
37 37 1
26 26 1
70 70 1
55 55 1
57 57 1
52 52 1
84 84 1
33 33 1
100 77 7293048
62 62 1
41 41 1
77 77 0
73 73 1
100 100 0
74 74 1
19 19 1
97 97 1
40 40 1
86 86 1
28 28 0
4 4 1
30 30 0
23 23 1
98 98 0
11 11 0
79 79 0
8 8 1
24 24 0
84 84 1
94 94 1
85 85 1
34 34 0
80 80 0
5 5 1
88 88 0
96 96 1
6 6 1
44 44 0
89 89 0
15 15 0
46 46 0
45 45 0
78 78 0
56 56 0
60 60 1
63 63 0
72 72 1
99 99 1
18 18 0
36 36 1
51 51 0
47 47 1
1 1 0
65 65 0
82 82 1
53 53 1
54 54 1
29 29 0
95 95 0
26 26 0
13 13 1
7 7 0
90 90 0
3 3 0
69 69 0
68 68 1
64 64 0
43 43 1
14 14 1
61 61 1
17 17 1
39 39 1
50 50 1
37 37 0
22 22 0
31 31 1
21 21 1
91 91 1
33 33 1
67 67 1
58 58 0
75 75 1
57 57 0
71 71 1
20 20 0
42 42 1
97 81 16467
11 11 0
9 9 0
97 97 0
63 63 0
17 17 1
88 88 1
14 14 1
39 39 0
80 80 1
1 1 1
65 65 0
58 58 0
67 67 1
48 48 1
77 77 1
60 60 1
68 68 0
50 50 1
33 33 0
70 70 1
26 26 1
24 24 0
7 7 1
82 82 0
78 78 1
81 81 0
89 89 1
56 56 1
95 95 1
84 84 0
87 87 0
29 29 0
66 66 1
69 69 1
92 92 0
61 61 1
40 40 0
5 5 1
27 27 0
74 74 0
45 45 0
19 19 1
49 49 0
71 71 0
12 12 0
4 4 1
76 76 1
93 93 0
30 30 1
18 18 1
25 25 0
51 51 1
73 73 0
8 8 1
54 54 1
43 43 0
91 91 0
35 35 0
20 20 1
47 47 1
32 32 1
96 96 0
37 37 1
22 22 0
72 72 1
21 21 1
31 31 1
62 62 1
10 10 1
2 2 1
83 83 1
15 15 1
55 55 0
13 13 0
44 44 0
94 94 0
52 52 1
53 53 0
42 42 1
28 28 1
38 38 0
92 31 989571705625262654
67 67 0
52 52 1
36 36 0
85 85 1
46 46 0
56 56 0
17 17 0
75 75 1
20 20 1
23 23 1
80 80 1
9 9 0
61 61 1
30 30 0
7 7 0
68 68 1
71 71 1
89 89 1
45 45 0
60 60 1
41 41 1
15 15 1
21 21 1
39 39 1
4 4 1
76 76 1
3 3 0
24 24 1
38 38 1
55 55 1
86 86 1
7 3 8
2 2 1
6 6 1
1 1 0
7 4 5
1 1 1
5 5 1
6 6 0
7 7 0
98 68 379531943
6 6 0
73 73 1
18 18 1
12 12 0
22 22 0
14 14 0
57 57 1
54 54 0
1 1 0
62 62 0
70 70 1
2 2 0
35 35 0
86 86 1
49 49 0
75 75 0
27 27 0
50 50 0
95 95 1
31 31 1
29 29 0
78 78 1
52 52 1
71 71 0
25 25 0
46 46 1
24 24 0
45 45 0
36 36 1
69 69 0
68 68 0
33 33 0
32 32 0
30 30 1
77 77 0
34 34 0
23 23 1
43 43 0
28 28 0
44 44 1
38 38 0
53 53 1
7 7 1
55 55 0
58 58 1
41 41 0
89 89 0
17 17 1
79 79 1
13 13 0
59 59 1
60 60 0
88 88 0
81 81 0
40 40 1
63 63 0
47 47 1
37 37 0
85 85 1
87 87 0
9 9 1
90 90 1
72 72 0
94 94 1
65 65 0
83 83 0
56 56 1
26 26 0
94 82 3943
15 15 1
76 76 1
39 39 1
69 69 1
63 63 1
53 53 1
65 65 0
16 16 0
22 22 0
67 67 1
21 21 0
86 86 1
4 4 1
89 89 0
84 84 0
71 71 1
28 28 1
50 50 0
74 74 1
54 54 0
66 66 0
37 37 1
45 45 0
40 40 1
2 2 0
20 20 1
9 9 1
85 85 0
35 35 1
93 93 0
68 68 0
14 14 1
7 7 0
57 57 0
48 48 0
42 42 1
73 73 0
27 27 1
5 5 1
88 88 0
56 56 1
62 62 1
31 31 0
17 17 1
82 82 1
10 10 1
36 36 0
72 72 1
19 19 0
91 91 0
43 43 0
38 38 1
52 52 0
44 44 0
6 6 0
13 13 0
25 25 0
92 92 1
34 34 1
55 55 0
77 77 0
60 60 0
81 81 0
70 70 0
59 59 0
11 11 1
29 29 0
75 75 1
12 12 0
80 80 1
61 61 1
1 1 1
64 64 1
26 26 0
51 51 0
83 83 0
33 33 0
47 47 0
32 32 1
90 90 1
3 3 1
49 49 1
98 63 2633204535
76 76 1
95 95 0
49 49 1
52 52 1
33 33 0
93 93 0
71 71 1
57 57 1
11 11 1
12 12 1
42 42 0
8 8 1
82 82 1
20 20 0
92 92 1
59 59 0
74 74 1
67 67 0
80 80 1
38 38 0
9 9 0
39 39 1
35 35 1
78 78 0
23 23 0
32 32 0
90 90 1
22 22 1
10 10 0
27 27 0
55 55 0
96 96 0
18 18 0
1 1 1
21 21 1
68 68 0
26 26 0
45 45 0
16 16 0
81 81 1
43 43 1
2 2 1
54 54 0
51 51 1
53 53 0
29 29 1
40 40 0
14 14 0
60 60 1
85 85 1
46 46 1
75 75 0
62 62 0
7 7 0
66 66 0
83 83 0
31 31 0
17 17 1
4 4 0
97 97 0
47 47 0
89 89 0
28 28 1
91 15 763389008890344466
50 50 0
16 16 0
24 24 0
32 32 0
80 80 1
44 44 0
5 5 1
74 74 0
42 42 1
91 91 0
35 35 1
87 87 1
38 38 1
46 46 0
53 53 1
97 52 19054671537808
5 5 0
89 89 0
28 28 0
10 10 1
53 53 0
67 67 0
65 65 1
75 75 1
79 79 1
64 64 0
74 74 1
78 78 1
25 25 1
42 42 0
88 88 1
16 16 0
3 3 0
38 38 1
54 54 1
43 43 1
44 44 0
72 72 0
90 90 0
26 26 0
76 76 0
37 37 0
15 15 0
33 33 0
95 95 0
8 8 1
83 83 1
30 30 0
35 35 1
29 29 1
81 81 0
82 82 0
50 50 0
97 97 1
66 66 0
23 23 1
62 62 1
56 56 0
19 19 1
45 45 0
17 17 1
32 32 0
4 4 0
91 91 1
61 61 1
13 13 0
58 58 0
22 22 1
100 24 758286008941280009
31 31 0
62 62 1
37 37 1
8 8 1
15 15 1
49 49 0
60 60 0
72 72 1
57 57 0
38 38 1
18 18 0
44 44 1
40 40 0
95 95 1
22 22 0
92 92 0
48 48 1
5 5 0
56 56 0
61 61 0
39 39 0
71 71 1
84 84 0
64 64 1
100 65 19416852511
26 26 1
42 42 0
92 92 1
41 41 0
53 53 0
57 57 0
99 99 1
4 4 1
86 86 0
80 80 1
6 6 1
81 81 1
16 16 1
18 18 0
76 76 1
31 31 1
54 54 1
35 35 0
29 29 0
72 72 1
49 49 0
51 51 1
39 39 1
97 97 1
40 40 0
98 98 0
30 30 1
60 60 1
8 8 1
87 87 1
10 10 0
65 65 1
63 63 0
84 84 1
20 20 0
83 83 0
88 88 1
27 27 0
47 47 1
46 46 0
78 78 1
74 74 0
64 64 0
43 43 0
3 3 0
17 17 1
93 93 0
44 44 0
11 11 0
66 66 1
85 85 0
55 55 0
70 70 0
14 14 1
59 59 0
21 21 0
34 34 0
82 82 1
100 100 1
13 13 1
90 90 1
79 79 1
2 2 1
38 38 1
95 95 1
7 5 1
1 1 0
2 2 0
6 6 0
4 4 1
3 3 0
